Loop 1

Cluster 0 has 2 objects: 
0.(0.007977836765348911, 0.003870075180505713, 0.0005422182536373535, -0.0012367870658636093, -0.006755074152412514, -0.0008501858838523428, 0.0003620799630880356, 0.006086744752246886, 2.6713870465755462e-05, 0.008896105239788692, 0.0040321186805764835, 0.0020085200822601715, -0.002725141487705211)
24.(-0.001159716428567966, 0.01653245904793342, -0.0119212943779227, -0.010429207716758053, -0.014360379660502076, -0.0028369368053972723, -0.002496821666136384, 0.009231919151109954, 0.001279393428315719, 0.006494638153041402, -0.013721905260657271, 0.007582125797246893, 0.00703989133083572)

Loop 2

Cluster 0 has 4 objects: 
0.(0.007977836765348911, 0.003870075180505713, 0.0005422182536373535, -0.0012367870658636093, -0.006755074152412514, -0.0008501858838523428, 0.0003620799630880356, 0.006086744752246886, 2.6713870465755462e-05, 0.008896105239788692, 0.0040321186805764835, 0.0020085200822601715, -0.002725141487705211)
13.(0.0015822667783747116, 0.008793628215789795, -0.010775494559978446, -0.004702776429864267, -0.006335593038238585, 0.0013579481281340122, -0.003992636750141779, 0.014665616641286761, -0.0033755579497665167, -0.0016792135313153267, 0.007511840822796027, 0.0038307963870465754, 0.005625950273436805)
24.(-0.001159716428567966, 0.01653245904793342, -0.0119212943779227, -0.010429207716758053, -0.014360379660502076, -0.0028369368053972723, -0.002496821666136384, 0.009231919151109954, 0.001279393428315719, 0.006494638153041402, -0.013721905260657271, 0.007582125797246893, 0.00703989133083572)
42.(0.0019083216165502867, -0.003525094175711274, -0.013426168433701, -0.0022717165915916364, -0.0011526242616431168, 0.003234022669494152, -0.009134233785395433, 0.006432525192697843, 0.0011178310572480161, 0.015433984653403362, -0.007144096509243051, 0.0069432915188372135, 0.005244872408608595)

Loop 3

Cluster 0 has 5 objects: 
0.(0.007977836765348911, 0.003870075180505713, 0.0005422182536373535, -0.0012367870658636093, -0.006755074152412514, -0.0008501858838523428, 0.0003620799630880356, 0.006086744752246886, 2.6713870465755462e-05, 0.008896105239788692, 0.0040321186805764835, 0.0020085200822601715, -0.002725141487705211)
13.(0.0015822667783747116, 0.008793628215789795, -0.010775494559978446, -0.004702776429864267, -0.006335593038238585, 0.0013579481281340122, -0.003992636750141779, 0.014665616641286761, -0.0033755579497665167, -0.0016792135313153267, 0.007511840822796027, 0.0038307963870465754, 0.005625950273436805)
24.(-0.001159716428567966, 0.01653245904793342, -0.0119212943779227, -0.010429207716758053, -0.014360379660502076, -0.0028369368053972723, -0.002496821666136384, 0.009231919151109954, 0.001279393428315719, 0.006494638153041402, -0.013721905260657271, 0.007582125797246893, 0.00703989133083572)
36.(-0.010520658905928333, 0.0020298404308656853, -0.0031586837217522164, -0.023296339685718218, -0.007847879422115511, 0.006591844252155473, -0.003643762576393783, 0.005865605873987078, -0.001003866611669461, 0.008198967017233372, -0.006674407461347679, 0.0020038402484109006, 0.0035543217537148545)
42.(0.0019083216165502867, -0.003525094175711274, -0.013426168433701, -0.0022717165915916364, -0.0011526242616431168, 0.003234022669494152, -0.009134233785395433, 0.006432525192697843, 0.0011178310572480161, 0.015433984653403362, -0.007144096509243051, 0.0069432915188372135, 0.005244872408608595)

Loop 4

Cluster 0 has 6 objects: 
13.(0.0015822667783747116, 0.008793628215789795, -0.010775494559978446, -0.004702776429864267, -0.006335593038238585, 0.0013579481281340122, -0.003992636750141779, 0.014665616641286761, -0.0033755579497665167, -0.0016792135313153267, 0.007511840822796027, 0.0038307963870465754, 0.005625950273436805)
24.(-0.001159716428567966, 0.01653245904793342, -0.0119212943779227, -0.010429207716758053, -0.014360379660502076, -0.0028369368053972723, -0.002496821666136384, 0.009231919151109954, 0.001279393428315719, 0.006494638153041402, -0.013721905260657271, 0.007582125797246893, 0.00703989133083572)
33.(-0.0144204900561211, 0.007391365958998601, -0.0005150989930067832, -0.020919715496711434, -0.005464680322135488, 0.006832236552145332, -0.019234197144396604, 0.007740608604945009, -0.0035668679357816774, 0.012788426713086665, 0.0023823238909244536, -0.003764308849349618, 0.016882242777501232)
36.(-0.010520658905928333, 0.0020298404308656853, -0.0031586837217522164, -0.023296339685718218, -0.007847879422115511, 0.006591844252155473, -0.003643762576393783, 0.005865605873987078, -0.001003866611669461, 0.008198967017233372, -0.006674407461347679, 0.0020038402484109006, 0.0035543217537148545)
42.(0.0019083216165502867, -0.003525094175711274, -0.013426168433701, -0.0022717165915916364, -0.0011526242616431168, 0.003234022669494152, -0.009134233785395433, 0.006432525192697843, 0.0011178310572480161, 0.015433984653403362, -0.007144096509243051, 0.0069432915188372135, 0.005244872408608595)
44.(-0.006230954655135671, 0.005562907767792543, -0.002108515500246237, -0.003004908290070792, -0.007535850955173373, 0.006524430122226477, -0.013030230020861684, 0.01141347661614418, -0.00645855024146537, 0.005547901925941308, 0.011860932223498821, 0.007112970668822527, 0.005046425014734268)

Loop 5

Cluster 0 has 8 objects: 
13.(0.0015822667783747116, 0.008793628215789795, -0.010775494559978446, -0.004702776429864267, -0.006335593038238585, 0.0013579481281340122, -0.003992636750141779, 0.014665616641286761, -0.0033755579497665167, -0.0016792135313153267, 0.007511840822796027, 0.0038307963870465754, 0.005625950273436805)
22.(-0.0008638717544575532, 0.006082374850908915, 0.004471917578484863, -0.013993856698895494, 0.0052407694747671485, -0.004299448703144056, -0.008876798775357504, 0.011416646772219489, 0.0021805127306530874, 0.010077545807386437, 0.005174627395657202, 0.002899320316889013, 0.006889611840597354)
24.(-0.001159716428567966, 0.01653245904793342, -0.0119212943779227, -0.010429207716758053, -0.014360379660502076, -0.0028369368053972723, -0.002496821666136384, 0.009231919151109954, 0.001279393428315719, 0.006494638153041402, -0.013721905260657271, 0.007582125797246893, 0.00703989133083572)
33.(-0.0144204900561211, 0.007391365958998601, -0.0005150989930067832, -0.020919715496711434, -0.005464680322135488, 0.006832236552145332, -0.019234197144396604, 0.007740608604945009, -0.0035668679357816774, 0.012788426713086665, 0.0023823238909244536, -0.003764308849349618, 0.016882242777501232)
35.(-0.01761935157701373, 0.017171049180130165, -0.0008275212797646722, -0.01398150169601043, -0.0046749708048688865, -0.013600876710067192, -0.021608438451463978, 0.00011799945496022701, -0.0008457402640487999, -0.002606581322227915, -0.006645629130071029, 0.008776535109306375, 0.004579243909878035)
36.(-0.010520658905928333, 0.0020298404308656853, -0.0031586837217522164, -0.023296339685718218, -0.007847879422115511, 0.006591844252155473, -0.003643762576393783, 0.005865605873987078, -0.001003866611669461, 0.008198967017233372, -0.006674407461347679, 0.0020038402484109006, 0.0035543217537148545)
42.(0.0019083216165502867, -0.003525094175711274, -0.013426168433701, -0.0022717165915916364, -0.0011526242616431168, 0.003234022669494152, -0.009134233785395433, 0.006432525192697843, 0.0011178310572480161, 0.015433984653403362, -0.007144096509243051, 0.0069432915188372135, 0.005244872408608595)
44.(-0.006230954655135671, 0.005562907767792543, -0.002108515500246237, -0.003004908290070792, -0.007535850955173373, 0.006524430122226477, -0.013030230020861684, 0.01141347661614418, -0.00645855024146537, 0.005547901925941308, 0.011860932223498821, 0.007112970668822527, 0.005046425014734268)

Loop 6

Cluster 0 has 9 objects: 
13.(0.0015822667783747116, 0.008793628215789795, -0.010775494559978446, -0.004702776429864267, -0.006335593038238585, 0.0013579481281340122, -0.003992636750141779, 0.014665616641286761, -0.0033755579497665167, -0.0016792135313153267, 0.007511840822796027, 0.0038307963870465754, 0.005625950273436805)
22.(-0.0008638717544575532, 0.006082374850908915, 0.004471917578484863, -0.013993856698895494, 0.0052407694747671485, -0.004299448703144056, -0.008876798775357504, 0.011416646772219489, 0.0021805127306530874, 0.010077545807386437, 0.005174627395657202, 0.002899320316889013, 0.006889611840597354)
24.(-0.001159716428567966, 0.01653245904793342, -0.0119212943779227, -0.010429207716758053, -0.014360379660502076, -0.0028369368053972723, -0.002496821666136384, 0.009231919151109954, 0.001279393428315719, 0.006494638153041402, -0.013721905260657271, 0.007582125797246893, 0.00703989133083572)
33.(-0.0144204900561211, 0.007391365958998601, -0.0005150989930067832, -0.020919715496711434, -0.005464680322135488, 0.006832236552145332, -0.019234197144396604, 0.007740608604945009, -0.0035668679357816774, 0.012788426713086665, 0.0023823238909244536, -0.003764308849349618, 0.016882242777501232)
34.(-0.008037162153050304, 0.004451762962465485, -0.003565928848305096, -0.008939322427613661, 0.004417867362887288, -0.007467843623210986, -0.005637473069752256, 0.0010111327903966109, -0.0034391939096773665, 0.010040745365161759, -0.005401511715414624, 0.011967803941418727, 0.005869960373577972)
35.(-0.01761935157701373, 0.017171049180130165, -0.0008275212797646722, -0.01398150169601043, -0.0046749708048688865, -0.013600876710067192, -0.021608438451463978, 0.00011799945496022701, -0.0008457402640487999, -0.002606581322227915, -0.006645629130071029, 0.008776535109306375, 0.004579243909878035)
36.(-0.010520658905928333, 0.0020298404308656853, -0.0031586837217522164, -0.023296339685718218, -0.007847879422115511, 0.006591844252155473, -0.003643762576393783, 0.005865605873987078, -0.001003866611669461, 0.008198967017233372, -0.006674407461347679, 0.0020038402484109006, 0.0035543217537148545)
42.(0.0019083216165502867, -0.003525094175711274, -0.013426168433701, -0.0022717165915916364, -0.0011526242616431168, 0.003234022669494152, -0.009134233785395433, 0.006432525192697843, 0.0011178310572480161, 0.015433984653403362, -0.007144096509243051, 0.0069432915188372135, 0.005244872408608595)
44.(-0.006230954655135671, 0.005562907767792543, -0.002108515500246237, -0.003004908290070792, -0.007535850955173373, 0.006524430122226477, -0.013030230020861684, 0.01141347661614418, -0.00645855024146537, 0.005547901925941308, 0.011860932223498821, 0.007112970668822527, 0.005046425014734268)

Loop 7

Cluster 0 has 9 objects: 
13.(0.0015822667783747116, 0.008793628215789795, -0.010775494559978446, -0.004702776429864267, -0.006335593038238585, 0.0013579481281340122, -0.003992636750141779, 0.014665616641286761, -0.0033755579497665167, -0.0016792135313153267, 0.007511840822796027, 0.0038307963870465754, 0.005625950273436805)
22.(-0.0008638717544575532, 0.006082374850908915, 0.004471917578484863, -0.013993856698895494, 0.0052407694747671485, -0.004299448703144056, -0.008876798775357504, 0.011416646772219489, 0.0021805127306530874, 0.010077545807386437, 0.005174627395657202, 0.002899320316889013, 0.006889611840597354)
24.(-0.001159716428567966, 0.01653245904793342, -0.0119212943779227, -0.010429207716758053, -0.014360379660502076, -0.0028369368053972723, -0.002496821666136384, 0.009231919151109954, 0.001279393428315719, 0.006494638153041402, -0.013721905260657271, 0.007582125797246893, 0.00703989133083572)
33.(-0.0144204900561211, 0.007391365958998601, -0.0005150989930067832, -0.020919715496711434, -0.005464680322135488, 0.006832236552145332, -0.019234197144396604, 0.007740608604945009, -0.0035668679357816774, 0.012788426713086665, 0.0023823238909244536, -0.003764308849349618, 0.016882242777501232)
34.(-0.008037162153050304, 0.004451762962465485, -0.003565928848305096, -0.008939322427613661, 0.004417867362887288, -0.007467843623210986, -0.005637473069752256, 0.0010111327903966109, -0.0034391939096773665, 0.010040745365161759, -0.005401511715414624, 0.011967803941418727, 0.005869960373577972)
35.(-0.01761935157701373, 0.017171049180130165, -0.0008275212797646722, -0.01398150169601043, -0.0046749708048688865, -0.013600876710067192, -0.021608438451463978, 0.00011799945496022701, -0.0008457402640487999, -0.002606581322227915, -0.006645629130071029, 0.008776535109306375, 0.004579243909878035)
36.(-0.010520658905928333, 0.0020298404308656853, -0.0031586837217522164, -0.023296339685718218, -0.007847879422115511, 0.006591844252155473, -0.003643762576393783, 0.005865605873987078, -0.001003866611669461, 0.008198967017233372, -0.006674407461347679, 0.0020038402484109006, 0.0035543217537148545)
42.(0.0019083216165502867, -0.003525094175711274, -0.013426168433701, -0.0022717165915916364, -0.0011526242616431168, 0.003234022669494152, -0.009134233785395433, 0.006432525192697843, 0.0011178310572480161, 0.015433984653403362, -0.007144096509243051, 0.0069432915188372135, 0.005244872408608595)
44.(-0.006230954655135671, 0.005562907767792543, -0.002108515500246237, -0.003004908290070792, -0.007535850955173373, 0.006524430122226477, -0.013030230020861684, 0.01141347661614418, -0.00645855024146537, 0.005547901925941308, 0.011860932223498821, 0.007112970668822527, 0.005046425014734268)

