Loop 1 
Cluster 0 has 16 objects:  0 2 4 5 7 14 17 18 19 25 28 29 30 31 37 41 
Cluster 1 has 32 objects:  1 3 6 8 9 10 11 12 13 15 16 20 21 22 23 24 26 27 32 33 34 35 36 38 39 40 42 43 44 45 46 47 
Loop 2 
Cluster 0 has 21 objects:  0 1 2 3 4 5 6 7 8 14 17 18 19 25 28 29 30 31 37 41 45 
Cluster 1 has 27 objects:  9 10 11 12 13 15 16 20 21 22 23 24 26 27 32 33 34 35 36 38 39 40 42 43 44 46 47 
Loop 3 
Cluster 0 has 23 objects:  0 1 2 3 4 5 6 7 8 9 13 14 17 18 19 25 28 29 30 31 37 41 45 
Cluster 1 has 25 objects:  10 11 12 15 16 20 21 22 23 24 26 27 32 33 34 35 36 38 39 40 42 43 44 46 47 
Loop 4 
Cluster 0 has 23 objects:  0 1 2 3 4 5 6 7 8 9 13 14 17 18 19 25 28 29 30 31 37 41 45 
Cluster 1 has 25 objects:  10 11 12 15 16 20 21 22 23 24 26 27 32 33 34 35 36 38 39 40 42 43 44 46 47 
