[0.2765143579219922, 0.17749333212771432, 0.22700384502485327, 0.11204399413670323, 0.22700384502485327, 0.2765143579219922, 0.19804205158855578, 0.08308220070040577, 0.17749333212771432, 0.17749333212771432, 0.2765143579219922, 0.2765143579219922, 0.17749333212771432, 0.22700384502485327]
[0.2277177065239936, 0.1368412717418448, 0.14617097939929413, 0.2277177065239936, 0.2277177065239936, 0.18694434296164386, 0.2277177065239936, 0.2277177065239936, 0.08666504341820708, 0.18694434296164386, 0.1368412717418448, 0.1330448881455171, 0.2277177065239936, 0.18694434296164386, 0.09227152458316737, 0.14617097939929413, 0.14617097939929413]
[0.2419500631817432, 0.17328679513998632, 0.31061333122350004, 0.15530666561175002, 0.15530666561175002, 0.2419500631817432, 0.17328679513998632, 0.1986283643967466, 0.1986283643967466, 0.2419500631817432, 0.1986283643967466, 0.31061333122350004, 0.2419500631817432, 0.2419500631817432, 0.1986283643967466, 0.2419500631817432]
[0.1613000421211621, 0.11552453009332421, 0.06535899657974355, 0.13241890959783106, 0.1613000421211621, 0.13241890959783106, 0.1613000421211621, 0.09424012910307461, 0.1613000421211621, 0.1613000421211621, 0.07465664455116895, 0.06138773908789667, 0.1613000421211621, 0.08022045257719072, 0.13241890959783106, 0.13241890959783106, 0.13241890959783106, 0.13241890959783106, 0.1613000421211621, 0.1613000421211621, 0.10353777707450001, 0.1613000421211621, 0.1613000421211621, 0.1613000421211621]
[0.2765143579219922, 0.19804205158855578, 0.22700384502485327, 0.2765143579219922, 0.2765143579219922, 0.22700384502485327, 0.22700384502485327, 0.2765143579219922, 0.2765143579219922, 0.22700384502485327, 0.19804205158855578, 0.2765143579219922, 0.2765143579219922, 0.2765143579219922]
[0.4839001263634864, 0.1453938512257101, 0.31061333122350004, 0.31061333122350004, 0.34657359027997264, 0.4839001263634864, 0.34657359027997264, 0.4839001263634864]
[0.2037474216267311, 0.04877694903902371, 0.10944429166735976, 0.11904016307756793, 0.07754240726892211, 0.1672659910709445, 0.08255873252178132, 0.1307845605151579, 0.1672659910709445, 0.10133109799224091, 0.2037474216267311, 0.0612184636739832, 0.1672659910709445, 0.2037474216267311, 0.2037474216267311, 0.0612184636739832, 0.2037474216267311, 0.1672659910709445, 0.14592572222314637]
[0.2580800673938594, 0.16566044331920002, 0.2118702553565297, 0.2118702553565297, 0.1115984289047781, 0.2580800673938594, 0.2580800673938594, 0.12835272412350515, 0.2580800673938594, 0.10457439452758968, 0.13862943611198905, 0.18483924814931874, 0.2580800673938594, 0.2118702553565297, 0.16566044331920002]
[0.08144361223763887, 0.17596368231399506, 0.05287049135480368, 0.17596368231399506, 0.144456992288543, 0.144456992288543, 0.06696844264134183, 0.17596368231399506, 0.144456992288543, 0.09452007007635617, 0.12602676010180824, 0.11295030226309093, 0.144456992288543, 0.17596368231399506, 0.17596368231399506, 0.08144361223763887, 0.17596368231399506, 0.144456992288543, 0.07130072354153842, 0.05287049135480368, 0.144456992288543, 0.09452007007635617]
[0.14337781521881077, 0.14337781521881077, 0.06636146182326129, 0.11770569742029428, 0.11770569742029428, 0.07130706895750287, 0.14337781521881077, 0.14337781521881077, 0.14337781521881077, 0.14337781521881077, 0.14337781521881077, 0.11770569742029428, 0.08376900364717743, 0.14337781521881077, 0.058096885848660934, 0.11770569742029428, 0.05456687918924149, 0.11770569742029428, 0.058096885848660934, 0.058096885848660934, 0.08376900364717743, 0.11770569742029428, 0.11770569742029428, 0.06199912716932117, 0.14337781521881077, 0.11770569742029428, 0.06636146182326129]
[0.08283022165960001, 0.06417636206175258, 0.09241962407465937, 0.038771693660189364, 0.10593512767826485, 0.1290400336969297, 0.1290400336969297, 0.05579921445238905, 0.07539210328245968, 0.10593512767826485, 0.05972531564093517, 0.12835272412350515, 0.04911019127031734, 0.1290400336969297, 0.05228719726379484, 0.07539210328245968, 0.1290400336969297, 0.1290400336969297, 0.1290400336969297, 0.1290400336969297, 0.10593512767826485, 0.10593512767826485, 0.1290400336969297, 0.1290400336969297, 0.12835272412350515, 0.05228719726379484, 0.09241962407465937, 0.09241962407465937, 0.08283022165960001, 0.05228719726379484]
[0.10353777707450001, 0.11552453009332421, 0.07723016931178753, 0.10353777707450001, 0.08022045257719072, 0.11552453009332421, 0.09424012910307461, 0.13241890959783106, 0.13241890959783106, 0.13241890959783106, 0.13241890959783106, 0.07723016931178753, 0.08022045257719072, 0.09424012910307461, 0.2648378191956621, 0.1613000421211621, 0.1613000421211621, 0.1613000421211621, 0.08022045257719072, 0.2648378191956621, 0.08664339756999315, 0.13241890959783106, 0.06535899657974355, 0.10353777707450001]
[0.14889234657338044, 0.12223283962876715, 0.07404964853279145, 0.14889234657338044, 0.14889234657338044, 0.10663802777845313, 0.14889234657338044, 0.14889234657338044, 0.14889234657338044, 0.0447365696079108, 0.17398177680567622, 0.12223283962876715, 0.07404964853279145, 0.07128938705703465, 0.12223283962876715, 0.14889234657338044, 0.06033138145822482, 0.05666560531190463, 0.14889234657338044, 0.12223283962876715, 0.10663802777845313, 0.12223283962876715, 0.07128938705703465, 0.07404964853279145, 0.09557333268415387, 0.17398177680567622]
[0.10593512767826485, 0.06417636206175258, 0.09241962407465937, 0.1290400336969297, 0.1290400336969297, 0.046209812037329684, 0.12835272412350515, 0.08283022165960001, 0.1290400336969297, 0.10593512767826485, 0.1290400336969297, 0.08283022165960001, 0.1290400336969297, 0.04911019127031734, 0.05972531564093517, 0.09241962407465937, 0.08283022165960001, 0.030892067724715016, 0.1290400336969297, 0.038771693660189364, 0.12835272412350515, 0.09241962407465937, 0.05228719726379484, 0.1290400336969297, 0.05228719726379484, 0.1290400336969297, 0.10593512767826485, 0.06417636206175258, 0.09241962407465937, 0.1290400336969297]
[0.11832888808514287, 0.18434290528132813, 0.04413152532102145, 0.09902102579427789, 0.18434290528132813, 0.18434290528132813, 0.06601401719618526, 0.302671793366471, 0.1320280343923705, 0.18434290528132813, 0.11832888808514287, 0.302671793366471, 0.18434290528132813, 0.07469599609113549, 0.1320280343923705, 0.1513358966832355, 0.11832888808514287, 0.07469599609113549, 0.11832888808514287, 0.18434290528132813, 0.11832888808514287]
[0.07099733285108573, 0.05119312769223014, 0.03323288028016231, 0.042094449660272, 0.0908015380099413, 0.0908015380099413, 0.0908015380099413, 0.04481759765468129, 0.05500831033864507, 0.06462180281353687, 0.11060574316879689, 0.05941261547656673, 0.042094449660272, 0.11060574316879689, 0.06646576056032462, 0.12924360562707374, 0.07921682063542232, 0.07099733285108573, 0.11060574316879689, 0.11060574316879689, 0.11060574316879689, 0.11060574316879689, 0.04481759765468129, 0.11060574316879689, 0.05119312769223014, 0.07921682063542232, 0.11060574316879689, 0.11060574316879689, 0.11060574316879689, 0.07099733285108573, 0.07921682063542232, 0.06646576056032462, 0.12924360562707374, 0.07099733285108573, 0.0908015380099413]
[0.1209750315908716, 0.04604080431592251, 0.0993141821983733, 0.0993141821983733, 0.1209750315908716, 0.12033067886578609, 0.14136019365461192, 0.1209750315908716, 0.049019247434807664, 0.07068009682730596, 0.07068009682730596, 0.060165339432893046, 0.1209750315908716, 0.1986283643967466, 0.08664339756999316, 0.0993141821983733, 0.0993141821983733, 0.1209750315908716, 0.0993141821983733, 0.07765333280587501, 0.04604080431592251, 0.1986283643967466, 0.1209750315908716, 0.0993141821983733, 0.049019247434807664, 0.0993141821983733, 0.0993141821983733, 0.0993141821983733, 0.028961313491920326, 0.12033067886578609, 0.14136019365461192, 0.1209750315908716]
[0.2277177065239936, 0.2277177065239936, 0.2277177065239936, 0.11325240363838691, 0.18694434296164386, 0.09846920197480422, 0.18694434296164386, 0.18694434296164386, 0.2277177065239936, 0.2277177065239936, 0.2277177065239936, 0.2277177065239936, 0.2277177065239936, 0.2277177065239936, 0.1630934542493989, 0.09227152458316737, 0.2277177065239936]
[0.2765143579219922, 0.12798281923057533, 0.2765143579219922, 0.19804205158855578, 0.17749333212771432, 0.17749333212771432, 0.2765143579219922, 0.13752077584661268, 0.2765143579219922, 0.19804205158855578, 0.10523612415068001, 0.2765143579219922, 0.2765143579219922, 0.17749333212771432]
[0.17596368231399506, 0.06696844264134183, 0.144456992288543, 0.07130072354153842, 0.12602676010180824, 0.17596368231399506, 0.08751322099329897, 0.17596368231399506, 0.09452007007635617, 0.10280741356699048, 0.08751322099329897, 0.17596368231399506, 0.144456992288543, 0.2520535202036165, 0.17596368231399506, 0.144456992288543, 0.17596368231399506, 0.17596368231399506, 0.09452007007635617, 0.12602676010180824, 0.17596368231399506, 0.2520535202036165]
[0.11350192251242663, 0.06876038792330634, 0.1382571789609961, 0.052618062075340005, 0.07426576934570842, 0.052618062075340005, 0.07426576934570842, 0.052618062075340005, 0.06399140961528767, 0.08874666606385716, 0.11350192251242663, 0.11350192251242663, 0.09902102579427789, 0.033098643990766084, 0.0807772535169211, 0.22700384502485327, 0.2765143579219922, 0.07426576934570842, 0.1382571789609961, 0.11350192251242663, 0.09902102579427789, 0.1382571789609961, 0.22700384502485327, 0.2765143579219922, 0.1382571789609961, 0.059784872627559695, 0.049510512897138946, 0.1382571789609961]
[0.08415654371538893, 0.08415654371538893, 0.08415654371538893, 0.08415654371538893, 0.06027366787477785, 0.02014700069003153, 0.06908812674669447, 0.05057177433937743, 0.09041050181216677, 0.1205473357495557, 0.045205250906083384, 0.09833752602059959, 0.04916876301029979, 0.04916876301029979, 0.034100346041605334, 0.08370829834141641, 0.06908812674669447, 0.06908812674669447, 0.08415654371538893, 0.054019709778000004, 0.08415654371538893, 0.04916876301029979, 0.054019709778000004, 0.08415654371538893, 0.054019709778000004, 0.04916876301029979, 0.08370829834141641, 0.05057177433937743, 0.09041050181216677, 0.045205250906083384, 0.1205473357495557, 0.03202838561107653, 0.09833752602059959, 0.06908812674669447, 0.06027366787477785, 0.06908812674669447, 0.06908812674669447, 0.04916876301029979, 0.054019709778000004, 0.08415654371538893, 0.03202838561107653, 0.06908812674669447, 0.08415654371538893, 0.045205250906083384, 0.045205250906083384, 0.06908812674669447]
[0.048723659799764715, 0.037750801212795636, 0.06231478098721462, 0.07590590217466453, 0.07590590217466453, 0.0351325386123148, 0.048723659799764715, 0.05777669561213805, 0.06231478098721462, 0.044348296048505695, 0.15181180434932906, 0.0351325386123148, 0.048723659799764715, 0.07590590217466453, 0.07590590217466453, 0.0228068786236408, 0.04077336356234972, 0.05436448474979963, 0.04077336356234972, 0.028888347806069026, 0.0351325386123148, 0.048723659799764715, 0.06231478098721462, 0.04077336356234972, 0.07590590217466453, 0.06231478098721462, 0.028888347806069026, 0.07590590217466453, 0.05436448474979963, 0.04077336356234972, 0.05777669561213805, 0.04077336356234972, 0.04077336356234972, 0.15181180434932906, 0.06231478098721462, 0.06231478098721462, 0.05436448474979963, 0.06231478098721462, 0.06231478098721462, 0.06231478098721462, 0.044348296048505695, 0.06231478098721462, 0.06231478098721462, 0.030757174861055787, 0.07590590217466453, 0.037750801212795636, 0.06231478098721462, 0.07590590217466453, 0.032823067324934736, 0.07590590217466453, 0.030757174861055787]
[0.08236597895548704, 0.13273031117105333, 0.11798249881871409, 0.08236597895548704, 0.12289090607569643, 0.06761816660314778, 0.12289090607569643, 0.0626938611961498, 0.08236597895548704, 0.06761816660314778, 0.08236597895548704, 0.06761816660314778, 0.13523633320629555, 0.058991249409357044, 0.09624523823292726, 0.0712330397264541, 0.08236597895548704, 0.1647319579109741, 0.052870354250808514, 0.04424343705701778, 0.04812261911646363, 0.08236597895548704, 0.04812261911646363, 0.0313469305980749, 0.13523633320629555, 0.04424343705701778, 0.024747889570333633, 0.13273031117105333, 0.0313469305980749, 0.09624523823292726, 0.0712330397264541, 0.1647319579109741, 0.08236597895548704, 0.08236597895548704, 0.0626938611961498, 0.06761816660314778, 0.12289090607569643, 0.024747889570333633, 0.04424343705701778, 0.0313469305980749, 0.13273031117105333, 0.11798249881871409, 0.04424343705701778, 0.04812261911646363, 0.040963635358565474, 0.06761816660314778, 0.06761816660314778]
[0.07062341845217658, 0.05522014777306668, 0.07062341845217658, 0.08602668913128647, 0.08602668913128647, 0.07062341845217658, 0.032740127513544895, 0.04278424137450172, 0.08602668913128647, 0.07062341845217658, 0.03981687709395678, 0.07963375418791356, 0.08602668913128647, 0.08602668913128647, 0.05522014777306668, 0.11044029554613335, 0.09241962407465937, 0.032740127513544895, 0.025847795773459577, 0.046209812037329684, 0.08602668913128647, 0.051695591546919155, 0.07062341845217658, 0.08602668913128647, 0.07963375418791356, 0.05522014777306668, 0.05522014777306668, 0.04118942363295335, 0.046209812037329684, 0.032740127513544895, 0.08602668913128647, 0.07062341845217658, 0.05522014777306668, 0.06161308271643958, 0.025847795773459577, 0.051695591546919155, 0.037199476301592704, 0.06161308271643958, 0.05026140218830646, 0.05026140218830646, 0.04278424137450172, 0.04118942363295335, 0.11044029554613335, 0.09241962407465937, 0.04278424137450172]
[0.3226000842423242, 0.2648378191956621, 0.12277547817579335, 0.3226000842423242, 0.2648378191956621, 0.16044090515438145, 0.16044090515438145, 0.0969292341504734, 0.2648378191956621, 0.20707555414900003, 0.20707555414900003, 0.2648378191956621]
[0.08015827902541936, 0.12487745196477068, 0.12487745196477068, 0.05779869255574371, 0.08015827902541936, 0.08015827902541936, 0.047525991551920006, 0.08968664823304359, 0.06707875940902695, 0.10251786549509502, 0.10251786549509502, 0.10251786549509502, 0.08968664823304359, 0.08943834587870261, 0.10251786549509502, 0.10251786549509502, 0.037520993864699384, 0.037520993864699384, 0.12487745196477068, 0.06707875940902695, 0.12487745196477068, 0.050600513481091784, 0.10251786549509502, 0.10251786549509502, 0.08968664823304359, 0.06707875940902695, 0.07296009995076744, 0.08015827902541936, 0.10251786549509502, 0.06210615683395411, 0.10251786549509502]
[0.0993141821983733, 0.07765333280587501, 0.07068009682730596, 0.08664339756999316, 0.0993141821983733, 0.08664339756999316, 0.0993141821983733, 0.07269692561285505, 0.05599248341337672, 0.15530666561175002, 0.1209750315908716, 0.05599248341337672, 0.08664339756999316, 0.0993141821983733, 0.08664339756999316, 0.07068009682730596, 0.07765333280587501, 0.1209750315908716, 0.1209750315908716, 0.08664339756999316, 0.07765333280587501, 0.07068009682730596, 0.07269692561285505, 0.049019247434807664, 0.0993141821983733, 0.1209750315908716, 0.1209750315908716, 0.07068009682730596, 0.08664339756999316, 0.06498254817749487, 0.15530666561175002, 0.0993141821983733]
[0.09939626599152002, 0.15484804043631564, 0.15484804043631564, 0.0716703787691222, 0.09047052393895162, 0.09939626599152002, 0.15484804043631564, 0.11786445904876162, 0.15484804043631564, 0.08317766166719343, 0.12712215321391784, 0.12712215321391784, 0.12712215321391784, 0.08317766166719343, 0.09939626599152002, 0.09939626599152002, 0.11786445904876162, 0.11090354888959125, 0.12712215321391784, 0.11090354888959125, 0.06274463671655381, 0.12712215321391784, 0.15484804043631564, 0.12712215321391784, 0.12712215321391784]
[0.2765143579219922, 0.5530287158439844, 0.17749333212771432, 0.22700384502485327, 0.09902102579427789, 0.22700384502485327, 0.1615545070338422, 0.1615545070338422, 0.2765143579219922, 0.17749333212771432, 0.2765143579219922, 0.5530287158439844, 0.12798281923057533, 0.2765143579219922]
[0.1589026915173973, 0.19356005054539457, 0.07366528690547601, 0.1589026915173973, 0.1589026915173973, 0.08369882167858358, 0.1039720770839918, 0.07366528690547601, 0.11631508098056809, 0.07843079589569227, 0.19356005054539457, 0.19356005054539457, 0.12424533248940002, 0.04633810158707252, 0.13862943611198905, 0.1589026915173973, 0.1589026915173973, 0.11631508098056809, 0.11308815492368954, 0.19356005054539457]
[0.2765143579219922, 0.09902102579427789, 0.19804205158855578, 0.2765143579219922, 0.11204399413670323, 0.17749333212771432, 0.22700384502485327, 0.19804205158855578, 0.11956974525511939, 0.2765143579219922, 0.1615545070338422, 0.1615545070338422, 0.2765143579219922, 0.08308220070040577]
[0.07900410226342634, 0.10969955934049316, 0.04243758248326195, 0.060134928086102865, 0.07900410226342634, 0.05658344331101594, 0.06485824143567236, 0.023737771628687364, 0.07900410226342634, 0.06402513950668756, 0.07900410226342634, 0.05071238060791837, 0.05658344331101594, 0.04615843058109777, 0.03929165024188933, 0.10142476121583674, 0.030067464043051433, 0.05658344331101594, 0.04615843058109777, 0.03416278435860554, 0.06485824143567236, 0.10142476121583674, 0.04615843058109777, 0.05071238060791837, 0.060134928086102865, 0.05071238060791837, 0.15800820452685269, 0.07900410226342634, 0.10142476121583674, 0.10142476121583674, 0.10969955934049316, 0.04243758248326195, 0.030067464043051433, 0.05071238060791837, 0.03656651978016438, 0.05658344331101594, 0.05658344331101594, 0.15800820452685269, 0.07900410226342634, 0.10969955934049316, 0.07900410226342634, 0.07900410226342634, 0.04615843058109777, 0.05658344331101594, 0.06402513950668756, 0.06485824143567236, 0.03929165024188933, 0.07900410226342634, 0.07900410226342634]
[0.05955693862935218, 0.0853104222227625, 0.05955693862935218, 0.05955693862935218, 0.038229333073661546, 0.031991408333535934, 0.0453324842495237, 0.035789255686328646, 0.11911387725870436, 0.02756553029581623, 0.05955693862935218, 0.05955693862935218, 0.04889313585150686, 0.02266624212476185, 0.029619859413116578, 0.05955693862935218, 0.05955693862935218, 0.05955693862935218, 0.031991408333535934, 0.07645866614732309, 0.09778627170301372, 0.028515754822813863, 0.031991408333535934, 0.017894627843164323, 0.04889313585150686, 0.04265521111138125, 0.09778627170301372, 0.04265521111138125, 0.05955693862935218, 0.05955693862935218, 0.0453324842495237, 0.02266624212476185, 0.04889313585150686, 0.05955693862935218, 0.03479635536113524, 0.035789255686328646, 0.11911387725870436, 0.02756553029581623, 0.038229333073661546, 0.0453324842495237, 0.038229333073661546, 0.05955693862935218, 0.028515754822813863, 0.029619859413116578, 0.05955693862935218, 0.04889313585150686, 0.04889313585150686, 0.05955693862935218, 0.03479635536113524, 0.038229333073661546, 0.03479635536113524, 0.07645866614732309, 0.04889313585150686, 0.05955693862935218, 0.031991408333535934, 0.029619859413116578, 0.025753483593410332, 0.04889313585150686, 0.0453324842495237, 0.025753483593410332, 0.038229333073661546, 0.03479635536113524, 0.04265521111138125, 0.0853104222227625, 0.05955693862935218]
[0.08283022165960001, 0.07539210328245968, 0.038771693660189364, 0.06931471805599453, 0.1290400336969297, 0.1290400336969297, 0.08283022165960001, 0.1290400336969297, 0.1290400336969297, 0.09822038254063468, 0.10593512767826485, 0.04911019127031734, 0.06417636206175258, 0.10593512767826485, 0.07539210328245968, 0.09241962407465937, 0.05579921445238905, 0.10593512767826485, 0.10593512767826485, 0.08283022165960001, 0.08283022165960001, 0.1290400336969297, 0.09241962407465937, 0.09822038254063468, 0.08283022165960001, 0.038771693660189364, 0.1290400336969297, 0.030892067724715016, 0.07539210328245968, 0.08283022165960001]
[0.07444617328669022, 0.13048633260425715, 0.06710485441186621, 0.07444617328669022, 0.14889234657338044, 0.11996778125075976, 0.07444617328669022, 0.07444617328669022, 0.07444617328669022, 0.08499840796785695, 0.06111641981438357, 0.18334925944315072, 0.13048633260425715, 0.15995704166767968, 0.11107447279918717, 0.12223283962876715, 0.06111641981438357, 0.13048633260425715, 0.06710485441186621, 0.07997852083383984, 0.07444617328669022, 0.11996778125075976, 0.09557333268415387, 0.06111641981438357, 0.07444617328669022, 0.08499840796785695, 0.18334925944315072, 0.13048633260425715, 0.15995704166767968, 0.11107447279918717, 0.12223283962876715, 0.07444617328669022, 0.13048633260425715, 0.06710485441186621, 0.07997852083383984, 0.047786666342076935, 0.14889234657338044, 0.11996778125075976, 0.09557333268415387, 0.07444617328669022, 0.03016569072911241, 0.06111641981438357, 0.032191854491762914, 0.08499840796785695, 0.017822346764258663, 0.043495444201419056, 0.18334925944315072, 0.13048633260425715, 0.15995704166767968, 0.11107447279918717, 0.043495444201419056, 0.053319013889226566]
[0.07742402021815782, 0.027725887222397813, 0.055451774444795626, 0.04969813299576001, 0.06356107660695892, 0.06356107660695892, 0.07742402021815782, 0.07742402021815782, 0.07742402021815782, 0.13570578590842744, 0.23227206065447345, 0.09047052393895162, 0.04523526196947581, 0.04652603239222724, 0.07742402021815782, 0.07742402021815782, 0.055451774444795626, 0.07742402021815782, 0.07742402021815782, 0.06356107660695892, 0.07742402021815782, 0.09047052393895162, 0.03347952867143343, 0.04523526196947581, 0.07742402021815782, 0.09047052393895162, 0.06356107660695892, 0.07742402021815782, 0.04969813299576001, 0.04158883083359671, 0.029466114762190406, 0.03850581723705155, 0.055451774444795626, 0.06356107660695892, 0.07742402021815782, 0.07742402021815782, 0.01853524063482901, 0.13570578590842744, 0.23227206065447345, 0.031372318358276904, 0.07742402021815782, 0.04652603239222724, 0.09047052393895162, 0.04969813299576001, 0.04969813299576001, 0.13570578590842744, 0.23227206065447345, 0.055451774444795626, 0.0358351893845611, 0.07742402021815782]
[0.18694434296164386, 0.14617097939929413, 0.14617097939929413, 0.09846920197480422, 0.08666504341820708, 0.12232009068704916, 0.2277177065239936, 0.05451541363185002, 0.08666504341820708, 0.18694434296164386, 0.1330448881455171, 0.08666504341820708, 0.14617097939929413, 0.2277177065239936, 0.2277177065239936, 0.11325240363838691, 0.1330448881455171]
[0.06539228025757896, 0.10187371081336555, 0.08363299553547225, 0.1307845605151579, 0.10187371081336555, 0.04715156497968565, 0.1307845605151579, 0.024388474519511854, 0.05472214583367988, 0.04715156497968565, 0.08363299553547225, 0.07296286111157319, 0.050665548996120455, 0.06539228025757896, 0.08363299553547225, 0.10187371081336555, 0.050665548996120455, 0.21888858333471956, 0.10187371081336555, 0.0306092318369916, 0.07296286111157319, 0.10187371081336555, 0.03648143055578659, 0.21888858333471956, 0.050665548996120455, 0.10187371081336555, 0.07296286111157319, 0.05472214583367988, 0.059520081538783964, 0.21888858333471956, 0.04405201140978083, 0.2037474216267311, 0.10187371081336555, 0.2037474216267311, 0.08363299553547225, 0.07296286111157319, 0.04405201140978083, 0.03877120363446106]
[0.0722284961442715, 0.05140370678349524, 0.033484221320670915, 0.0722284961442715, 0.06301338005090412, 0.03150669002545206, 0.08798184115699753, 0.05647515113154546, 0.0722284961442715, 0.06301338005090412, 0.17596368231399506, 0.02643524567740184, 0.03804491894481072, 0.0722284961442715, 0.03804491894481072, 0.17596368231399506, 0.08798184115699753, 0.0722284961442715, 0.17596368231399506, 0.11295030226309093, 0.05140370678349524, 0.11295030226309093, 0.05647515113154546, 0.04375661049664949, 0.0722284961442715, 0.0722284961442715, 0.0722284961442715, 0.08798184115699753, 0.04375661049664949, 0.05647515113154546, 0.0722284961442715, 0.05647515113154546, 0.08798184115699753, 0.08798184115699753, 0.17596368231399506, 0.047260035038178085, 0.08798184115699753, 0.04375661049664949, 0.05647515113154546, 0.06301338005090412, 0.0722284961442715, 0.06301338005090412, 0.02643524567740184, 0.06301338005090412]
[0.07742402021815782, 0.029466114762190406, 0.09047052393895162, 0.09939626599152002, 0.09939626599152002, 0.12712215321391784, 0.06356107660695892, 0.031372318358276904, 0.04523526196947581, 0.0770116344741031, 0.09939626599152002, 0.07742402021815782, 0.09047052393895162, 0.03850581723705155, 0.04523526196947581, 0.07742402021815782, 0.09047052393895162, 0.09939626599152002, 0.09939626599152002, 0.027725887222397813, 0.12712215321391784, 0.07742402021815782, 0.07742402021815782, 0.055451774444795626, 0.06356107660695892, 0.07742402021815782, 0.07742402021815782, 0.07742402021815782, 0.03347952867143343, 0.07742402021815782, 0.01853524063482901, 0.07742402021815782, 0.09939626599152002, 0.04523526196947581, 0.0770116344741031, 0.04158883083359671, 0.07742402021815782, 0.031372318358276904, 0.04969813299576001, 0.055451774444795626, 0.06356107660695892, 0.055451774444795626, 0.02326301619611362, 0.055451774444795626, 0.029466114762190406, 0.09047052393895162, 0.055451774444795626, 0.03850581723705155, 0.07742402021815782, 0.06356107660695892]
[0.19356005054539457, 0.1589026915173973, 0.19356005054539457, 0.07366528690547601, 0.19356005054539457, 0.2772588722239781, 0.08369882167858358, 0.19356005054539457, 0.12424533248940002, 0.09626454309262888, 0.1039720770839918, 0.1589026915173973, 0.19356005054539457, 0.11308815492368954, 0.2772588722239781, 0.05815754049028404, 0.13862943611198905, 0.19356005054539457, 0.05815754049028404, 0.19356005054539457]
[0.08317766166719343, 0.11786445904876162, 0.09305206478445448, 0.11090354888959125, 0.11090354888959125, 0.06274463671655381, 0.12712215321391784, 0.11786445904876162, 0.0716703787691222, 0.12712215321391784, 0.09939626599152002, 0.15484804043631564, 0.15484804043631564, 0.11090354888959125, 0.12712215321391784, 0.09047052393895162, 0.11090354888959125, 0.12712215321391784, 0.12712215321391784, 0.09047052393895162, 0.09047052393895162, 0.08317766166719343, 0.09939626599152002, 0.09305206478445448, 0.09939626599152002]
[0.1613000421211621, 0.09424012910307461, 0.09424012910307461, 0.06535899657974355, 0.09424012910307461, 0.13241890959783106, 0.11552453009332421, 0.038615084655893764, 0.1613000421211621, 0.11552453009332421, 0.0484646170752367, 0.1613000421211621, 0.13241890959783106, 0.09424012910307461, 0.10353777707450001, 0.13241890959783106, 0.10353777707450001, 0.0697490180654863, 0.11552453009332421, 0.1613000421211621, 0.10353777707450001, 0.13241890959783106, 0.1613000421211621, 0.1613000421211621]
[0.08363299553547225, 0.059520081538783964, 0.10944429166735976, 0.06539228025757896, 0.07296286111157319, 0.2037474216267311, 0.04405201140978083, 0.10187371081336555, 0.07296286111157319, 0.1672659910709445, 0.1672659910709445, 0.10944429166735976, 0.1307845605151579, 0.1672659910709445, 0.10187371081336555, 0.10187371081336555, 0.10187371081336555, 0.10187371081336555, 0.2037474216267311, 0.10187371081336555, 0.0306092318369916, 0.059520081538783964, 0.10944429166735976, 0.06539228025757896, 0.07296286111157319, 0.2037474216267311, 0.059520081538783964, 0.10187371081336555, 0.10187371081336555, 0.10187371081336555, 0.1672659910709445, 0.1672659910709445, 0.10944429166735976, 0.1307845605151579, 0.1672659910709445, 0.10187371081336555, 0.08363299553547225, 0.2037474216267311]
[0.11060574316879689, 0.04782789810204776, 0.11060574316879689, 0.0908015380099413, 0.0908015380099413, 0.0908015380099413, 0.07921682063542232, 0.04481759765468129, 0.07921682063542232, 0.0908015380099413, 0.1816030760198826, 0.0908015380099413, 0.11001662067729014, 0.07099733285108573, 0.11060574316879689, 0.05119312769223014, 0.03323288028016231, 0.06462180281353687, 0.07921682063542232, 0.11060574316879689, 0.11060574316879689, 0.11060574316879689, 0.05500831033864507, 0.06462180281353687, 0.042094449660272, 0.22121148633759377, 0.0908015380099413, 0.11060574316879689, 0.11060574316879689, 0.0908015380099413, 0.22121148633759377, 0.07921682063542232, 0.07099733285108573, 0.11001662067729014, 0.1816030760198826]
[0.13241890959783106, 0.10353777707450001, 0.08022045257719072, 0.13241890959783106, 0.13241890959783106, 0.11552453009332421, 0.1613000421211621, 0.07465664455116895, 0.11552453009332421, 0.0697490180654863, 0.11552453009332421, 0.1613000421211621, 0.11552453009332421, 0.1613000421211621, 0.0484646170752367, 0.13241890959783106, 0.09424012910307461, 0.09424012910307461, 0.08664339756999315, 0.10353777707450001, 0.0484646170752367, 0.10353777707450001, 0.11552453009332421, 0.1613000421211621]
[0.06539228025757896, 0.059520081538783964, 0.11904016307756793, 0.10944429166735976, 0.06539228025757896, 0.07296286111157319, 0.1672659910709445, 0.14592572222314637, 0.21888858333471956, 0.10187371081336555, 0.30562113244009664, 0.19617684077273687, 0.1672659910709445, 0.2037474216267311, 0.11904016307756793, 0.0943031299593713, 0.0306092318369916, 0.21888858333471956, 0.10187371081336555, 0.30562113244009664, 0.19617684077273687, 0.07296286111157319, 0.10187371081336555, 0.08363299553547225, 0.11904016307756793, 0.10944429166735976, 0.06539228025757896, 0.07296286111157319, 0.1672659910709445, 0.14592572222314637, 0.21888858333471956, 0.08363299553547225, 0.30562113244009664, 0.19617684077273687, 0.1672659910709445, 0.2037474216267311, 0.11904016307756793, 0.0943031299593713]
