Loop 1
c0: (0.007977836765348911, 0.003870075180505713, 0.0005422182536373535, -0.0012367870658636093, -0.006755074152412514, -0.0008501858838523428, 0.0003620799630880356, 0.006086744752246886, 2.6713870465755462e-05, 0.008896105239788692, 0.0040321186805764835, 0.0020085200822601715, -0.002725141487705211)
c1: (0.0019111428099373975, 0.0035649725080778203, -0.000769702469309171, 0.0016297205661733945, 0.00027349474063764013, 0.0021186808977896967, -0.002804014707605044, 0.006366411208485564, 0.00023738260691364606, 0.003750214943041404, 0.003223688124368588, 0.00403994315614303, 0.001783718541264534)

Loop 2
c0: (0.003409060168390473, 0.010201267114219566, -0.005689538062142674, -0.005832997391310831, -0.010557726906457295, -0.0018435613446248075, -0.0010673708515241743, 0.00765933195167842, 0.0006530536493907373, 0.007695371696415047, -0.004844893290040394, 0.004795322939753532, 0.0021573749215652548)
c1: (-0.0023104438508027305, 0.00533479967734952, -0.0006194728321819295, -0.003036360598565332, -0.0014972506892882986, -0.0012091732189351133, -0.005237541600565791, 0.0025278331581395598, -0.00252126178314464, 0.0029357079849063853, -0.000995505475826128, 0.00025107030116909107, 0.0043307082289095935)

Loop 3
c0: (0.0025771771829264855, 0.006417767067129414, -0.008895184779491198, -0.004660121951019391, -0.0071509177781990734, 0.00022621202709463724, -0.0038154030596463905, 0.009104201434335362, -0.00023790489843425656, 0.0072863786287295325, -0.002330510566631953, 0.005091183446347713, 0.0037963931312939778)
c1: (-0.002494795580269332, 0.005457551161772713, -9.759289287930273e-05, -0.003015865784376123, -0.0013951207819859106, -0.001368498610650986, -0.0051772737066020265, 0.0021632314418280714, -0.002584552616639431, 0.0027565408223546744, -0.0010491135500353373, 1.7616953361236122e-05, 0.004280494451086269)

Loop 4
c0: (-4.239003484447796e-05, 0.005540181739876668, -0.0077478845679434015, -0.008387365497959157, -0.00729031010698236, 0.0014993384721068044, -0.0037810749629958685, 0.008456482322265705, -0.0003910972410812974, 0.0074688963064303004, -0.0031992899455750984, 0.004473714806760351, 0.003747978855778153)
c1: (-0.0023081475959516803, 0.005537265364817062, -2.6404734068304708e-05, -0.002544226856437934, -0.001245056627564292, -0.0015536228632743918, -0.005212936756141753, 0.0020771297108476295, -0.0026213127562898946, 0.002629972771310984, -0.0009182927614001667, -2.8574286058523404e-05, 0.004297382188234442)

Loop 5
c0: (-0.004806871941804679, 0.0061308512076114615, -0.0069842092644345636, -0.010770777368452401, -0.007116167943301359, 0.0036172574864596955, -0.008588646990554278, 0.009224958680028471, -0.0020012697088532152, 0.007797450821898464, -0.0009642187156714497, 0.003951452628502415, 0.007232283926471913)
c1: (-0.0016814539321265854, 0.0054528145747821015, 4.83435519512684e-05, -0.0020646170977598227, -0.0011259994728659093, -0.0019288722780719763, -0.004560232699660692, 0.0018154580261334704, -0.0024443884874464916, 0.002467823946836501, -0.0011832791946203322, -6.116276280307734e-05, 0.0038127053527176264)

Loop 6
c0: (-0.005915556872787419, 0.007504816409588483, -0.004782607410985899, -0.01157500282570254, -0.005266401123738736, 0.00047540243819336564, -0.010252139896268393, 0.008360549788418818, -0.0013341057233143753, 0.0067819586770686635, -0.0009070392535553157, 0.004423071399651235, 0.006857819913663359)
c1: (-0.0013034460454461319, 0.005144119702745229, -4.0349177919173083e-05, -0.0014684639927751658, -0.0011964444132566614, -0.0015778077566452942, -0.0040261134039731895, 0.001617864771760651, -0.0025999772234839235, 0.0024044410320493625, -0.0012056681109910033, -0.000356117286598116, 0.0037166192265916226)

Loop 7
c0: (-0.0061512907928166285, 0.007165588248797037, -0.004647420904021366, -0.011282149448137109, -0.0041903712918914, -0.0004071804575182288, -0.009739399137766601, 0.007543947899749685, -0.001568004410688041, 0.007144046086856785, -0.0014064250826507948, 0.005261375015403179, 0.006748057742542761)
c1: (-0.0011307866580716661, 0.005161872439675479, 5.005030080867111e-05, -0.0012769035200869995, -0.0013404011254654806, -0.0014267811959641225, -0.003984796489466034, 0.0016334220020520368, -0.0025784588469148608, 0.0022086383568413527, -0.0010980823775442441, -0.000672115266803676, 0.00366140535102787)

