Loop 1 
Cluster 0 has 2 objects:  0 24 
Cluster 1 has 46 objects:  1 2 3 4 5 6 7 8 9 10 11 12 13 14 15 16 17 18 19 20 21 22 23 25 26 27 28 29 30 31 32 33 34 35 36 37 38 39 40 41 42 43 44 45 46 47 
Loop 2 
Cluster 0 has 4 objects:  0 13 24 42 
Cluster 1 has 44 objects:  1 2 3 4 5 6 7 8 9 10 11 12 14 15 16 17 18 19 20 21 22 23 25 26 27 28 29 30 31 32 33 34 35 36 37 38 39 40 41 43 44 45 46 47 
Loop 3 
Cluster 0 has 5 objects:  0 13 24 36 42 
Cluster 1 has 43 objects:  1 2 3 4 5 6 7 8 9 10 11 12 14 15 16 17 18 19 20 21 22 23 25 26 27 28 29 30 31 32 33 34 35 37 38 39 40 41 43 44 45 46 47 
Loop 4 
Cluster 0 has 6 objects:  13 24 33 36 42 44 
Cluster 1 has 42 objects:  0 1 2 3 4 5 6 7 8 9 10 11 12 14 15 16 17 18 19 20 21 22 23 25 26 27 28 29 30 31 32 34 35 37 38 39 40 41 43 45 46 47 
Loop 5 
Cluster 0 has 8 objects:  13 22 24 33 35 36 42 44 
Cluster 1 has 40 objects:  0 1 2 3 4 5 6 7 8 9 10 11 12 14 15 16 17 18 19 20 21 23 25 26 27 28 29 30 31 32 34 37 38 39 40 41 43 45 46 47 
Loop 6 
Cluster 0 has 9 objects:  13 22 24 33 34 35 36 42 44 
Cluster 1 has 39 objects:  0 1 2 3 4 5 6 7 8 9 10 11 12 14 15 16 17 18 19 20 21 23 25 26 27 28 29 30 31 32 37 38 39 40 41 43 45 46 47 
Loop 7 
Cluster 0 has 9 objects:  13 22 24 33 34 35 36 42 44 
Cluster 1 has 39 objects:  0 1 2 3 4 5 6 7 8 9 10 11 12 14 15 16 17 18 19 20 21 23 25 26 27 28 29 30 31 32 37 38 39 40 41 43 45 46 47 
