Loop 1
[0.0, 0.012914635547007435]
[0.012914635547007435, 0.0]
[0.01972562834364861, 0.015560803787181407]
[0.022353167214316367, 0.020170646498330266]
[0.024352879813521564, 0.018518805404822983]
[0.014713869788668555, 0.009846940833370512]
[0.01963055962145246, 0.018988938583879112]
[0.015560778019020307, 0.014762449453095992]
[0.01845827270187015, 0.016021547333150272]
[0.020231253639797126, 0.01761164048236269]
[0.032589520993825324, 0.028035603615433297]
[0.02411947718029386, 0.023877015650349748]
[0.025447599594336113, 0.020942441848658743]
[0.02261511723789499, 0.01891926414943343]
[0.02700148336011944, 0.022111838051509545]
[0.024374882349540706, 0.02316192252419071]
[0.023800770342842552, 0.01813085704116495]
[0.027492377994485333, 0.019721242163334773]
[0.017506818297036302, 0.015322659890689854]
[0.02832491803803175, 0.022428232179435185]
[0.020325869351107285, 0.016049964874218198]
[0.030234721493573178, 0.026686639972840702]
[0.025127571313761803, 0.022109879252119324]
[0.044869158629834587, 0.03859231051036905]
[0.031819592120278434, 0.032098609906513635]
[0.017611268220676997, 0.01003394063491002]
[0.029977855191493076, 0.02599375739778171]
[0.030535644672339497, 0.025587343558664426]
[0.028548315148155985, 0.023036769324036838]
[0.017831738063115832, 0.011900964907561644]
[0.022392277180599416, 0.01998836761736608]
[0.016837759183008817, 0.015710696067096967]
[0.037566150063668924, 0.0325961349377464]
[0.042410082391522, 0.0387637750146737]
[0.02896183998438858, 0.023918484480748542]
[0.04503243042728112, 0.04054325645231886]
[0.03277475455852207, 0.031582100441643626]
[0.023133411629529633, 0.017904613608447008]
[0.03226705157460443, 0.030918810667824533]
[0.03442647474485038, 0.0317628112697978]
[0.03599586633140742, 0.03128074602318394]
[0.016429665010951396, 0.013425511822914469]
[0.02613039367245373, 0.0231131106428283]
[0.023013483373222978, 0.022557606926038934]
[0.02605077330561395, 0.021136709515424353]
[0.02314392151847973, 0.01892137153091572]
[0.024328635485950177, 0.022236870181925442]
[0.021639810810692113, 0.019610726555701473]

Loop 2
[0.015909796060139217, 0.01745126026439637]
[0.018585819162632036, 0.011159466859214307]
[0.029914972320974825, 0.02215067750393941]
[0.0309346058848504, 0.020976374206498272]
[0.02976444381882277, 0.018845115144502378]
[0.02069665368591463, 0.013356426811160916]
[0.016572321856362177, 0.011751211119149861]
[0.020028136786372736, 0.015104826723212911]
[0.022341283587690344, 0.016950724178813565]
[0.020593353750770284, 0.015501211655159199]
[0.034130690975808065, 0.024024040241381363]
[0.024364797374044667, 0.01542104249381163]
[0.02277378213294986, 0.01335162541162958]
[0.019696370764666165, 0.02051360546114228]
[0.028764326677087004, 0.019114051831892135]
[0.023079840594074558, 0.02106631487903134]
[0.026687165449184515, 0.01624398762448961]
[0.0270207142632195, 0.014940280809546909]
[0.020075359400902805, 0.013384129275062431]
[0.03533600914818562, 0.02212308353106813]
[0.020288782938079543, 0.011975306281292373]
[0.024633358591475963, 0.023358792577792404]
[0.02588810629549761, 0.020508306162989338]
[0.04192682105376571, 0.03278217674972943]
[0.015909796060139217, 0.027925246408152037]
[0.02145389147885224, 0.01330628093878217]
[0.024040320072151327, 0.019115296909968514]
[0.029557069186900292, 0.020133192556378115]
[0.026830290084388846, 0.017478457235025554]
[0.022888611988521997, 0.012358418953114321]
[0.01923550599784782, 0.010877458977030675]
[0.020840396871588278, 0.016249995258780025]
[0.03541454649184082, 0.032755239557358554]
[0.03738301365856476, 0.032518233386631894]
[0.024228124199976157, 0.01908165901219895]
[0.03695662996805014, 0.03271021551746116]
[0.026012062106198476, 0.026000793036919094]
[0.02372759380479611, 0.014313588681995537]
[0.03177613663250824, 0.02589766480992707]
[0.029099982806206036, 0.026483872513663954]
[0.02923749361133855, 0.02620628753383322]
[0.01743387600297416, 0.010019893694844099]
[0.022881333488900413, 0.023749947996621067]
[0.02886445170548557, 0.019180513899456447]
[0.026825620864024614, 0.02210896553324809]
[0.024724226527919283, 0.016742447143657396]
[0.021774797947333155, 0.018419976568022522]
[0.02063918024302148, 0.017532269557324502]

Loop 3
[0.0161087215659102, 0.017726286883545772]
[0.015169864920923603, 0.011527864799421443]
[0.02752798235341825, 0.022195917161246536]
[0.02999261484959032, 0.020727874028427545]
[0.026727088505769433, 0.01882888070941179]
[0.019024548711174195, 0.013453131111788304]
[0.017286998229767512, 0.011730325629454098]
[0.018594932503211915, 0.015272263774816872]
[0.018861278089650255, 0.017281516624744298]
[0.019271392191640726, 0.01564097987956041]
[0.030083978879705216, 0.024124228392197865]
[0.025305950451386748, 0.015010021300541307]
[0.02199389537259855, 0.01318652290273347]
[0.015333385937375087, 0.02107396526791805]
[0.026216205000882124, 0.01910490970605365]
[0.023795573487795436, 0.02108590676739257]
[0.02555145938069518, 0.016024914145169624]
[0.024819489841694412, 0.014780421815711403]
[0.019884087880257514, 0.01332551844165039]
[0.03405414259377954, 0.021700787319814972]
[0.018028647192786487, 0.01212456569524463]
[0.02580549778053296, 0.023353680648657196]
[0.023813666316120117, 0.02065270775303436]
[0.04034427436600264, 0.03260934852590589]
[0.01926767350635268, 0.028300850864513213]
[0.018946656136657164, 0.013465089498093778]
[0.02348811062821409, 0.01913206261851059]
[0.029871790876778395, 0.01975540918190443]
[0.026563676942843055, 0.017200929989786475]
[0.022481535798338864, 0.012060472776395173]
[0.019876224712870576, 0.010607403454666257]
[0.020365719715596232, 0.016310049196021397]
[0.03499833907824258, 0.03279094431378942]
[0.03498249420868839, 0.032644862434467535]
[0.022448792938936323, 0.01922094882839101]
[0.03743295121330124, 0.03257616103668909]
[0.02554266036950128, 0.026194100090898377]
[0.02323846869983784, 0.01409274026712848]
[0.0333007887793012, 0.02557683989565904]
[0.029786760567042297, 0.026439091110062072]
[0.02840162094185735, 0.0262949908986401]
[0.016290750055666343, 0.01012755387829916]
[0.017404508748310933, 0.024369560694282987]
[0.028304112044629376, 0.018909579283245454]
[0.02249311176917662, 0.022486802671918625]
[0.02163719024365857, 0.016917217153501068]
[0.021034681389487265, 0.01854623462815023]
[0.01788611993804447, 0.017875908900966173]

Loop 4
[0.017833710658873504, 0.017688281319158967]
[0.01670919672624024, 0.011362823596879599]
[0.028423115986839456, 0.02201950591408588]
[0.030564421718369844, 0.02046654862140664]
[0.026958469159051267, 0.018678974687689892]
[0.02023444297976414, 0.01324556286309176]
[0.016229452639799545, 0.011923159710093821]
[0.019506086280039702, 0.015191371677095738]
[0.019158031667463014, 0.01732629518763814]
[0.018790369746822192, 0.015748364798571567]
[0.03029226386220408, 0.024024828100896376]
[0.023611583441430137, 0.015148419288222291]
[0.02127102942405442, 0.013210021459352546]
[0.016933989142885138, 0.021146072757274245]
[0.025550213597214887, 0.019123302023116143]
[0.024942877552552267, 0.02096364927236729]
[0.0250667534245262, 0.015957100562969867]
[0.024965636058987484, 0.014579403308465329]
[0.019170794537954946, 0.013413904480223567]
[0.03378523922808848, 0.02147596572728579]
[0.017596090088665053, 0.012200253584997814]
[0.026726563298268214, 0.0232627299182434]
[0.02242760072152985, 0.020854441670174608]
[0.039569714074118294, 0.032582717221511265]
[0.018699435314472997, 0.028594215141691234]
[0.019623379079607994, 0.013354072145787299]
[0.02397243104506582, 0.019058721745634423]
[0.028481572506894613, 0.019804623348301027]
[0.025964345979911083, 0.017152050866134222]
[0.022455273580005992, 0.011891610116756395]
[0.01881289810965732, 0.010720037015925525]
[0.022430514013373995, 0.016014771369278924]
[0.03597927467751058, 0.03267812176491747]
[0.031631077630577396, 0.033047833396461876]
[0.020992496846610295, 0.01943868623003508]
[0.03575497998386382, 0.03273787067334339]
[0.020434128295601022, 0.026803265209291365]
[0.022548512732097757, 0.014090000109739691]
[0.033195772606079206, 0.025467629919354397]
[0.028909212437074075, 0.02654857799295242]
[0.029693758284615977, 0.02615736160137929]
[0.015582514250821208, 0.010275947421741214]
[0.017851669290973596, 0.024556022384698246]
[0.028938625866946562, 0.01863392281242149]
[0.022240522241704763, 0.022608692775039387]
[0.020260149055105352, 0.01711310365212675]
[0.019748031898868916, 0.018760681861904518]
[0.01909128464939558, 0.017847890923640433]

Loop 5
[0.023650893428311066, 0.01713813947054651]
[0.02027853425645918, 0.011050720221614328]
[0.032247939116408324, 0.021434907543875992]
[0.031541869717215856, 0.020331663507044382]
[0.030067440671374925, 0.01816640983750646]
[0.02522561771111689, 0.012365191341175976]
[0.018668820874515452, 0.011939520629284692]
[0.02517547953811, 0.0143688336077288]
[0.023682726119375407, 0.01692205716200599]
[0.022623789638310108, 0.01543593275906439]
[0.027813385636886807, 0.024598819519548745]
[0.023711124830465686, 0.015376270445061098]
[0.019656704314461752, 0.01388393837077503]
[0.017935386423771595, 0.021480814034554263]
[0.02478149352279593, 0.019489234561495337]
[0.027578557689943474, 0.020755430341248007]
[0.025839414067265868, 0.01598594435538698]
[0.024769439149051088, 0.014819316979587407]
[0.023165481580222635, 0.012912969405318619]
[0.03478107458423321, 0.021229818316994557]
[0.016944666832953436, 0.012793391962933507]
[0.030509254575957177, 0.02283726875741221]
[0.020953074382759215, 0.021397730410364253]
[0.03932428756409884, 0.03267774178094891]
[0.021579381822872765, 0.028768695109422475]
[0.023646597603171962, 0.012805382320493882]
[0.02382704160499956, 0.019355403250048562]
[0.02963430420070842, 0.019700647068784646]
[0.024192176379216515, 0.017699791300344738]
[0.025394055642237092, 0.011319078171156252]
[0.01892156214002485, 0.01113917069678224]
[0.02748035056333928, 0.015166823017986598]
[0.0348745039869765, 0.03300127297398597]
[0.023636209194423354, 0.034247649170380035]
[0.02129061201833089, 0.019748527009832807]
[0.03257778426690525, 0.033366172512012814]
[0.017809929606696886, 0.02748370159189243]
[0.024592372517438826, 0.013886089416357661]
[0.03691926860829156, 0.024818301128236808]
[0.030964706023376375, 0.026449324729452793]
[0.03042741668321292, 0.02624198966474279]
[0.019780668980670657, 0.009826377213039065]
[0.02037172752317169, 0.024727418842587334]
[0.03042434245270563, 0.018395378785227574]
[0.01799339414290333, 0.023481815942836794]
[0.022355833021290804, 0.017109580630801337]
[0.021459392184054245, 0.01887913747239727]
[0.02058024320930519, 0.018012592561783183]

Loop 6
[0.02432396600950479, 0.01680407088453103]
[0.02036435459091576, 0.010740918326307913]
[0.03239903443872954, 0.020901662795307245]
[0.031132388973976247, 0.019945806682175053]
[0.030228884450965676, 0.017543416400463408]
[0.0249556910583864, 0.011825263332899964]
[0.018583550759986946, 0.01188656185380926]
[0.025422326544362547, 0.013820269873157666]
[0.024993112198685184, 0.016379100969316066]
[0.022518135023147565, 0.015295262398947716]
[0.028310392842672574, 0.024484700230905227]
[0.021518855519289976, 0.015759857170167174]
[0.01810697507330594, 0.014254432972941057]
[0.019245329040216055, 0.02161187979251868]
[0.0247756280139065, 0.019405548807404287]
[0.028387427132464723, 0.020338292429034063]
[0.025401353670293423, 0.01574277659982621]
[0.023160473951778466, 0.01495799295379215]
[0.022987953582157942, 0.012581346486002147]
[0.0332860097614298, 0.021012109873267848]
[0.016587476651867036, 0.012972869329388542]
[0.02820541618990444, 0.023163171442802975]
[0.01805530430305679, 0.02213172924369291]
[0.03655042680197229, 0.03308173635599211]
[0.022183616176262258, 0.029135015615387314]
[0.023811153272042283, 0.012290576591123972]
[0.021774159921214745, 0.019801543587815915]
[0.027596601316922476, 0.019883086271823915]
[0.021509722328615533, 0.018237430040736028]
[0.02443911940926784, 0.010963746532030074]
[0.01629032299766988, 0.011803203609586223]
[0.02778095197588835, 0.014451812033607011]
[0.0341462820670227, 0.03318404270574606]
[0.022777124947796646, 0.03492834313297341]
[0.018643738404747003, 0.020405435445853416]
[0.028155009140731338, 0.0343223538058252]
[0.018366403165871632, 0.027957774674290704]
[0.02388766007275292, 0.013691597549072978]
[0.03457897394758388, 0.024909050138777405]
[0.03072291923434242, 0.026419482399073064]
[0.029677063445758316, 0.026347754925982042]
[0.019662823643030628, 0.009547408533847224]
[0.022413343400615127, 0.024742646132903955]
[0.029108169003693098, 0.018251026909041818]
[0.0185625346094756, 0.023812135429464646]
[0.02284213693365028, 0.01692309122027621]
[0.02081460018543373, 0.01910682514429799]
[0.01954895254386958, 0.018335139782800422]

Loop 7
[0.024182323137633285, 0.01670509058636533]
[0.01994654361413349, 0.010705447225806582]
[0.03210950487364022, 0.020700345162532]
[0.031190840504931167, 0.019630880173839054]
[0.029566714891097787, 0.017447001508918352]
[0.02414445218774336, 0.011818353144191968]
[0.0183485694621081, 0.011878078532683755]
[0.024937115162983234, 0.013711033106013109]
[0.02430424340450729, 0.016431729189900622]
[0.021739560650898465, 0.015424711364231037]
[0.028786314920720864, 0.02431211130439127]
[0.021039000017413347, 0.015830632133860673]
[0.018196236451133607, 0.01422224496782995]
[0.019967956054314943, 0.021587990662542824]
[0.024038030064162726, 0.01954043486415938]
[0.02825701062932112, 0.020206990496254046]
[0.025309597914545734, 0.015548220524847762]
[0.022968590608803525, 0.014859174352343924]
[0.022586450688211662, 0.012491986899584567]
[0.032736544330377176, 0.020876300067485917]
[0.016306926058396443, 0.013065727657852518]
[0.027568549395862892, 0.023261903761235467]
[0.0176366175661991, 0.022371643817143464]
[0.03577703353306734, 0.033228673870622644]
[0.02228450802208265, 0.029325566249291682]
[0.022843416502874067, 0.012403260788623098]
[0.020678297919734155, 0.020093830973956117]
[0.02690741876192881, 0.019940984486989055]
[0.020694796836498268, 0.01844542757615893]
[0.023932684546255332, 0.010800574228242047]
[0.015878373603436607, 0.011923481614462716]
[0.027253982580192068, 0.014287810255192407]
[0.033750767830059085, 0.033297816032990354]
[0.023600552215812563, 0.035102473143920315]
[0.016572211915330672, 0.020928651739336838]
[0.027639407151177867, 0.034605933227717385]
[0.018556830245636657, 0.02818572626619271]
[0.023761290000414284, 0.013492691577091993]
[0.03343581582891486, 0.025033608647012224]
[0.03052746542003773, 0.026409739415209053]
[0.02924837427866463, 0.02642496684154222]
[0.018950975449580635, 0.009640949643757708]
[0.021806792069963932, 0.024984646490692475]
[0.02871036394626082, 0.018117712425874476]
[0.019271424900265264, 0.02386546329149478]
[0.022790078479690962, 0.01685028158469786]
[0.021255312844996346, 0.019028188726254978]
[0.019722087943820882, 0.0183427690575298]

