cluster 0
0.(22, 15)
6.(20, 20)
10.(30, 75)
11.(25, 80)
cluster 1
1.(10, 16)
3.(10, 10)
5.(10, 10)
12.(10, 90)
cluster 2
2.(30, 10)
4.(40, 20)
7.(32, 15)
8.(50, 22)
9.(45, 19)
13.(65, 50)
14.(90, 10)
########################################################################################################################################################################################################
cluster 0
10.(30, 75)
11.(25, 80)
12.(10, 90)
cluster 1
0.(22, 15)
1.(10, 16)
3.(10, 10)
5.(10, 10)
6.(20, 20)
cluster 2
2.(30, 10)
4.(40, 20)
7.(32, 15)
8.(50, 22)
9.(45, 19)
13.(65, 50)
14.(90, 10)
########################################################################################################################################################################################################
cluster 0
10.(30, 75)
11.(25, 80)
12.(10, 90)
cluster 1
0.(22, 15)
1.(10, 16)
2.(30, 10)
3.(10, 10)
5.(10, 10)
6.(20, 20)
7.(32, 15)
cluster 2
4.(40, 20)
8.(50, 22)
9.(45, 19)
13.(65, 50)
14.(90, 10)
########################################################################################################################################################################################################
cluster 0
10.(30, 75)
11.(25, 80)
12.(10, 90)
cluster 1
0.(22, 15)
1.(10, 16)
2.(30, 10)
3.(10, 10)
5.(10, 10)
6.(20, 20)
7.(32, 15)
cluster 2
4.(40, 20)
8.(50, 22)
9.(45, 19)
13.(65, 50)
14.(90, 10)
########################################################################################################################################################################################################
