[31.622776601683793, 0.0, 13.0]
[0.0, 31.622776601683793, 18.681541692269406]
[31.622776601683793, 0.0, 13.0]
[18.681541692269406, 13.0, 0.0]
[30.265491900843113, 6.0, 12.041594578792296]
[14.142135623730951, 20.0, 9.433981132056603]
[20.0, 14.142135623730951, 5.385164807134504]
[9.433981132056603, 22.561028345356956, 10.0]

[27.060118255469618, 2.0, 14.866068747318506]
[4.716990566028302, 31.04834939252005, 16.76305461424021]
[27.060118255469618, 2.0, 14.866068747318506]
[14.221462653327892, 12.36931687685298, 2.0]
[26.043233286210835, 4.0, 14.035668847618199]
[9.604686356149273, 20.09975124224178, 7.810249675906654]
[16.194134740701646, 12.806248474865697, 6.4031242374328485]
[4.716990566028302, 22.20360331117452, 8.0]

