Loop 1

Cluster 2 has 7 objects: 
2.(30.0, 10.0)
4.(40.0, 20.0)
7.(32.0, 15.0)
8.(50.0, 22.0)
9.(45.0, 19.0)
13.(65.0, 50.0)
14.(90.0, 10.0)

Loop 2

Cluster 2 has 7 objects: 
2.(30.0, 10.0)
4.(40.0, 20.0)
7.(32.0, 15.0)
8.(50.0, 22.0)
9.(45.0, 19.0)
13.(65.0, 50.0)
14.(90.0, 10.0)

Loop 3

Cluster 2 has 5 objects: 
4.(40.0, 20.0)
8.(50.0, 22.0)
9.(45.0, 19.0)
13.(65.0, 50.0)
14.(90.0, 10.0)

Loop 4

Cluster 2 has 5 objects: 
4.(40.0, 20.0)
8.(50.0, 22.0)
9.(45.0, 19.0)
13.(65.0, 50.0)
14.(90.0, 10.0)

