Loop 1
[0.0, 12.041594578792296, 9.433981132056603]
[12.041594578792296, 0.0, 20.8806130178211]
[9.433981132056603, 20.8806130178211, 0.0]
[13.0, 6.0, 20.0]
[18.681541692269406, 30.265491900843113, 14.142135623730951]
[13.0, 6.0, 20.0]
[5.385164807134504, 10.770329614269007, 14.142135623730951]
[10.0, 22.02271554554524, 5.385164807134504]
[28.861739379323623, 40.44749683231337, 23.323807579381203]
[23.345235059857504, 35.12833614050059, 17.4928556845359]
[60.530983801686226, 62.297672508690084, 65.0]
[65.06919393998976, 65.73431371817918, 70.178344238091]
[75.95393340703298, 74.0, 82.46211251235322]
[55.44366510251645, 64.66065264130884, 53.150729063673246]
[68.18357573492314, 80.22468448052632, 60.0]




Loop 2
[32.57779151507972, 20.402205763103165, 28.885770806783757]
[34.573291714848324, 15.5, 40.57746433976497]
[37.938272232667636, 29.364093720052047, 23.00842791461513]
[40.11623736094899, 21.5, 41.7230910471721]
[31.690889858128, 32.12864765283469, 10.321366781821967]
[40.11623736094899, 21.5, 41.7230910471721]
[27.82647120998277, 15.239750654128171, 30.297841237841837]
[33.41126307100646, 27.5, 19.200871578856912]
[36.23965369591713, 41.11265012134343, 1.1780301787479022]
[35.25354592094248, 37.16517186829626, 5.60247758603645]
[28.094705906985393, 47.877447718106275, 57.81832913249456]
[32.50865269432125, 50.766622893393254, 64.32141865630128]
[44.82535554794853, 58.5, 80.0229558900929]
[40.82661509358815, 58.028010477699475, 32.64684252007554]
[75.6922221896015, 82.83869868606098, 41.17161693225476]




Loop 3
[66.66749999479174, 7.64198926981712, 28.885770806783757]
[66.69499398172417, 4.753945729601885, 40.57746433976497]
[72.14953607304454, 16.15549442140351, 23.00842791461513]
[72.61006970263989, 6.082762530298219, 41.7230910471721]
[64.33419688539595, 26.248809496813376, 10.321366781821967]
[72.61006970263989, 6.082762530298219, 41.7230910471721]
[61.68918507773916, 8.06225774829855, 30.297841237841837]
[67.46274692170653, 17.618172436436193, 19.200871578856912]
[66.05216793481414, 36.444478319767455, 1.1780301787479022]
[66.86969085883048, 30.974182797936738, 5.60247758603645]
[10.67187372905475, 62.76941930590086, 57.81832913249456]
[3.7267799624996507, 66.64833081180653, 64.32141865630128]
[14.337208778404376, 75.92759709091285, 80.0229558900929]
[53.67080729368206, 61.98386886924694, 32.64684252007554]
[99.02300518341966, 75.71657678474376, 41.17161693225476]




Loop 4
[66.66749999479174, 3.133101742780188, 37.15696435394043]
[66.69499398172417, 9.424241429983224, 48.695379657622546]
[72.14953607304454, 11.474906073156117, 31.394904045083496]
[72.61006970263989, 9.868523450954596, 50.05636822623072]
[64.33419688539595, 21.783723562442166, 18.483506160899235]
[72.61006970263989, 9.868523450954596, 50.05636822623072]
[61.68918507773916, 6.343886660335578, 38.2314007067489]
[67.46274692170653, 12.921268655726859, 27.579702681501118]
[66.05216793481414, 31.950216376898172, 8.296987405076615]
[66.86969085883048, 26.39186640321025, 14.00142849854971]
[10.67187372905475, 62.239989769685955, 58.00551697899088]
[3.7267799624996507, 66.54398575991918, 64.82777182658678]
[14.337208778404376, 76.83164739100891, 81.4471607853828]
[53.67080729368206, 58.476752750515296, 26.73275144836386]
[99.02300518341966, 70.9544263048113, 35.009141663285604]




